-4.93
-4.86
-4.79
-4.72
-4.65
-4.58
-4.51
-4.44
-4.37
-4.3
-4.23
-4.16
-4.09
-4.02
-3.95
-3.88
-3.81
-3.74
-3.67
-3.6
-3.53
-3.46
-3.39
-3.32
-3.25
-3.18
-3.11
-3.04
-2.97
-2.9
-2.83
-2.76
-2.69
-2.62
-2.55
-2.48
-2.41
-2.34
-2.27
-2.2
-2.13
-2.06
-1.99
-1.92
-1.85
-1.78
-1.71
-1.64
-1.57
-1.5
-1.43
-1.36
-1.29
-1.22
-1.15
-1.08
-1.01
-0.94
-0.87
-0.8
-0.73
-0.66
-0.59
-0.52
-0.45
-0.38
-0.31
-0.24
-0.17
-0.1
-0.03
0.04
0.11
0.18
0.25
0.32
0.39
0.46
0.53
0.6
0.67
0.74
0.81
0.88
0.95
1.02
1.09
1.16
1.23
1.3
1.37
1.44
1.51
1.58
1.65
1.72
1.79
1.86
1.93
2
