28.4271
25.9642
23.6848
21.5788
19.6369
17.8497
16.2083
14.7043
13.3292
12.0752
10.9347
9.90021
8.96473
8.12149
7.36401
6.68607
6.08173
5.54533
5.07143
4.6549
4.29081
3.9745
3.70154
3.46774
3.26912
3.10193
2.96266
2.84797
2.75475
2.68008
2.62124
2.5757
2.5411
2.51528
2.49622
2.4821
2.47124
2.46212
2.45337
2.44377
2.43224
2.41781
2.39967
2.37711
2.34955
2.31651
2.27763
2.23264
2.18137
2.12373
2.05972
1.98942
1.91299
1.83064
1.74266
1.64937
1.55118
1.4485
1.34181
1.23163
1.11848
1.00293
0.88555
0.76693
0.647666
0.528354
0.409588
0.291949
0.176005
0.0623036
-0.0486365
-0.156327
-0.260316
-0.360196
-0.455608
-0.546245
-0.631861
-0.712275
-0.787376
-0.857127
-0.921577
-0.980857
-1.03519
-1.08491
-1.13044
-1.1723
-1.21116
-1.24779
-1.28307
-1.31804
-1.35386
-1.39184
-1.43343
-1.48023
-1.53401
-1.59669
-1.67039
-1.75736
-1.86007
-1.98115
